Output = [1245115057305148164, 1195140205147730541, 2441940832124642988, 2441940832124642988, 1835524676869638124, 1404473868033353193, 272777109172255911, 672752034376118188, 324890781330979572, 3086023531811583439, 475309634185807521, 1195140205147730541, 2441940832124642988, 1578661367846445708, 2358921859155462327, 1099718459319293547, 773945458916291731, 78288818574073053, 2441940832124642988, 1578661367846445708, 1099718459319293547, 343816904985468003, 1195140205147730541, 2527132076695959961, 2358921859155462327, 2358921859155462327, 1099718459319293547, 72109063929756364, 2796116718132693772, 72109063929756364, 2796116718132693772, 72109063929756364, 2796116718132693772, 3291439457645322417]

#f(x) = 2ax^4 + bx^3 + cx^2 + dx + e

coef = []

for x in "batle":
	coef.append([2*ord(x)^4, ord(x)^3, ord(x)^2, ord(x), 1])

coef = Matrix(coef)
res = vector([Output[0], Output[1],Output[2],Output[4],Output[5]])
flag = ''
(a,b,c,d,e) = coef \ res
x = var('x')
fx = 2*a*x^4 + b*x^3 + c*x^2 + d*x + e
for o in Output:
	root = solve(fx == o, x)
	# print(root)
	for r in root:
		try: 
			r = int(r.rhs())
		except:
			continue
		# print(r)
		flag += chr(abs(r))
		break
print(flag)
# battleCTF{Maths_W1th_Gauss_0x0x0x}
